-2.496695798375660885e-02 9.996444629582166286e-01 -9.404521765168202124e-03 5.291021169668441360e+01
-9.399587088803262880e-01 -2.667722929364798115e-02 -3.402428854112694578e-01 4.765432200691524400e+00
-3.403728087454145346e-01 3.450320969689532656e-04 9.402905862174885110e-01 2.740543932169406283e+00
0.000000000000000000e+00 0.000000000000000000e+00 0.000000000000000000e+00 1.000000000000000000e+00
-2.473061389209450095e-02 9.996524244300286632e-01 -9.175575008804717422e-03 5.287638350420407818e+01
-9.392581457456254945e-01 -2.637748795047625480e-02 -3.421975304012063179e-01 4.668133701919380485e+00
-3.423203433718048916e-01 1.554780632697312149e-04 9.395832559951140528e-01 2.903708778706703075e+00
0.000000000000000000e+00 0.000000000000000000e+00 0.000000000000000000e+00 1.000000000000000000e+00
-2.494685910645896149e-02 9.996434232153278421e-01 -9.512438526859798640e-03 5.296959157482061897e+01
-9.391897327735476697e-01 -2.669596888419324687e-02 -3.423592645514345056e-01 4.819149034954769206e+00
-3.424911307073337241e-01 3.931959029795527760e-04 9.395208173612722424e-01 3.019742085576335278e+00
0.000000000000000000e+00 0.000000000000000000e+00 0.000000000000000000e+00 1.000000000000000000e+00
-2.504132265360806478e-02 9.996388151929728183e-01 -9.766582208208413399e-03 5.299598245013017106e+01
-9.392272742669880436e-01 -2.687177914921883362e-02 -3.422435325298964770e-01 4.812299269318067729e+00
-3.423821447812565033e-01 6.028095275300372801e-04 9.395603406613898256e-01 3.041659142413268846e+00
0.000000000000000000e+00 0.000000000000000000e+00 0.000000000000000000e+00 1.000000000000000000e+00
-2.493069143606074789e-02 9.996434371412864506e-01 -9.605963404212596035e-03 5.297219654088505081e+01
-9.391984041494114699e-01 -2.671291618987119143e-02 -3.423357937427168318e-01 4.817554891078877688e+00
-3.424699534759340636e-01 4.872376064495330178e-04 9.395284517564335136e-01 3.026460435892768253e+00
0.000000000000000000e+00 0.000000000000000000e+00 0.000000000000000000e+00 1.000000000000000000e+00
-2.510115774472957903e-02 9.996402416498830767e-01 -9.485136987055730468e-03 5.293534910703515095e+01
-9.391822853309454988e-01 -2.683166794694807900e-02 -3.423702187747881820e-01 4.798958197478278009e+00
-3.425012820072526609e-01 3.143838356271677777e-04 9.395171762741579835e-01 3.006518962927624994e+00
0.000000000000000000e+00 0.000000000000000000e+00 0.000000000000000000e+00 1.000000000000000000e+00
-2.514700034960184322e-02 9.996389061230060991e-01 -9.434310987671112869e-03 5.291283620339815030e+01
-9.391790324798665601e-01 -2.685731137250337019e-02 -3.423751229412466679e-01 4.794387940057649899e+00
-3.425050746328204831e-01 2.508000751481445677e-04 9.395158336876385796e-01 2.997809496669033180e+00
0.000000000000000000e+00 0.000000000000000000e+00 0.000000000000000000e+00 1.000000000000000000e+00
-2.518643730309809425e-02 9.996376869262385556e-01 -9.447070852838636637e-03 5.290405579881839770e+01
-9.391801042022390744e-01 -2.689873094282170876e-02 -3.423715444588147916e-01 4.785650561127390290e+00
-3.425015451348553674e-01 2.493805578337298929e-04 9.395171225854690444e-01 2.995606299618903456e+00
0.000000000000000000e+00 0.000000000000000000e+00 0.000000000000000000e+00 1.000000000000000000e+00
-2.517157014195659653e-02 9.996394030354351923e-01 -9.395639413248540323e-03 5.289803912524774887e+01
-9.391777841149870909e-01 -2.686713666036600473e-02 -3.423799270952282980e-01 4.785857225435890427e+00
-3.425085959548217485e-01 2.059352806129229800e-04 9.395145726816047649e-01 2.991518768927474703e+00
0.000000000000000000e+00 0.000000000000000000e+00 0.000000000000000000e+00 1.000000000000000000e+00
-2.513432595570098613e-02 9.996396473487790812e-01 -9.375414052061412790e-03 5.289456095750360731e+01
-9.391810102313929987e-01 -2.682531312037532423e-02 -3.423747083934005064e-01 4.786275020606222341e+00
-3.425027891945408021e-01 1.998531037327973617e-04 9.395166947961325343e-01 2.991298130382580744e+00
0.000000000000000000e+00 0.000000000000000000e+00 0.000000000000000000e+00 1.000000000000000000e+00
-2.518389126583629040e-02 9.996392956812022446e-01 -9.368259002014888565e-03 5.289257703041911896e+01
-9.391789767164543390e-01 -2.686942249888725834e-02 -3.423763085076019785e-01 4.783595147661717562e+00
-3.425042681707632930e-01 1.761036124177177658e-04 9.395161657717828740e-01 2.989334516135709663e+00
0.000000000000000000e+00 0.000000000000000000e+00 0.000000000000000000e+00 1.000000000000000000e+00
-2.519836875364902043e-02 9.996382928482454577e-01 -9.383059971250735237e-03 5.289219482781399506e+01
-9.391753047284522316e-01 -2.688800016533087270e-02 -3.423834555961625115e-01 4.781896368466188818e+00
-3.425119830321919911e-01 1.848334672691274679e-04 9.395133463884596248e-01 2.989435566892755691e+00
0.000000000000000000e+00 0.000000000000000000e+00 0.000000000000000000e+00 1.000000000000000000e+00
-2.518214831006122117e-02 9.996390552489404779e-01 -9.385881812048727305e-03 5.289530067344076514e+01
-9.391852036940268045e-01 -2.687371862161162112e-02 -3.423585644261851746e-01 4.785649848849335086e+00
-3.424870424082835374e-01 1.937572086680562720e-04 9.395224440399952970e-01 2.991373338185150388e+00
0.000000000000000000e+00 0.000000000000000000e+00 0.000000000000000000e+00 1.000000000000000000e+00
-2.514979265742792527e-02 9.996395941908151617e-01 -9.390221808091583910e-03 5.289523224232024745e+01
-9.391854650353513856e-01 -2.684491146711781573e-02 -3.423594403133233266e-01 4.784466016767506602e+00
-3.424881047415365698e-01 2.088904399864450242e-04 9.395220491266987883e-01 2.992737762160281090e+00
0.000000000000000000e+00 0.000000000000000000e+00 0.000000000000000000e+00 1.000000000000000000e+00
-2.518920080246565135e-02 9.996384122498314095e-01 -9.401228984801982339e-03 5.289673732209512735e+01
-9.391837655191825895e-01 -2.688560587352619227e-02 -3.423606455588305009e-01 4.782472313429860122e+00
-3.424896443676576641e-01 2.056910953051854622e-04 9.395214888791270091e-01 2.992199563448398436e+00
0.000000000000000000e+00 0.000000000000000000e+00 0.000000000000000000e+00 1.000000000000000000e+00
-2.517045605809190706e-02 9.996391873014288665e-01 -9.410080061124840786e-03 5.289578160962395259e+01
-9.391838286503697564e-01 -2.687103202088086604e-02 -3.423627538613757681e-01 4.784663696087385176e+00
-3.424918510274204131e-01 2.203680373312659555e-04 9.395206762307375392e-01 2.992758555106346918e+00
0.000000000000000000e+00 0.000000000000000000e+00 0.000000000000000000e+00 1.000000000000000000e+00
-2.512862109761318866e-02 9.996406200511994689e-01 -9.392245147569333943e-03 5.289238109056375237e+01
-9.391867327164268309e-01 -2.682561438473361412e-02 -3.423560544684474127e-01 4.787069135519537610e+00
-3.424849351299708577e-01 2.181365907771816101e-04 9.395232010532670319e-01 2.992764296526325474e+00
0.000000000000000000e+00 0.000000000000000000e+00 0.000000000000000000e+00 1.000000000000000000e+00
-2.522532268747270517e-02 9.996370272505893384e-01 -9.431451000564878423e-03 5.290132463368843929e+01
-9.391803558935416518e-01 -2.692990223715307357e-02 -3.423659711261145544e-01 4.781290757456375218e+00
-3.424958501507280872e-01 2.215414592898855685e-04 9.395192162532755020e-01 2.992328254773822138e+00
0.000000000000000000e+00 0.000000000000000000e+00 0.000000000000000000e+00 1.000000000000000000e+00
-2.513549736055458936e-02 9.996403824544526362e-01 -9.386578770590412249e-03 5.289340565233339930e+01
-9.391867893153331703e-01 -2.683013270858838895e-02 -3.423581127782535094e-01 4.786303140216521257e+00
-3.424865426154792281e-01 2.104094671222724467e-04 9.395226183999616509e-01 2.992937437201900863e+00
0.000000000000000000e+00 0.000000000000000000e+00 0.000000000000000000e+00 1.000000000000000000e+00
-2.513778645781757082e-02 9.996401499179949912e-01 -9.392848096549707981e-03 5.289758593770777395e+01
-9.391916193013868375e-01 -2.683442514226723474e-02 -3.423442045307023562e-01 4.781606098381320891e+00
-3.424728463998411576e-01 2.159092475995450834e-04 9.395276131951023624e-01 2.993186854794902541e+00
0.000000000000000000e+00 0.000000000000000000e+00 0.000000000000000000e+00 1.000000000000000000e+00
-2.524582345946043554e-02 9.996370918200052635e-01 -9.426404973316298425e-03 5.289264986811574687e+01
-9.391856740208471832e-01 -2.694742371544084358e-02 -3.423515691510065628e-01 4.783449721117221998e+00
-3.424811414849466273e-01 2.101966844552922531e-04 9.395245893626928968e-01 2.992331251346636911e+00
0.000000000000000000e+00 0.000000000000000000e+00 0.000000000000000000e+00 1.000000000000000000e+00
-2.521189235658937572e-02 9.996383218588229536e-01 -9.398621659741809159e-03 5.289467154170842633e+01
-9.391862234165199164e-01 -2.690602545576958882e-02 -3.423536327024162551e-01 4.780775526254345209e+00
-3.424824135504065392e-01 1.956731177306704494e-04 9.395241322143362828e-01 2.992632621648477098e+00
0.000000000000000000e+00 0.000000000000000000e+00 0.000000000000000000e+00 1.000000000000000000e+00
-2.510668565543310027e-02 9.996411013895684095e-01 -9.371858486814045944e-03 5.289874118550976334e+01
-9.391833052924760672e-01 -2.679802624372935177e-02 -3.423697520491139068e-01 4.787318939905826909e+00
-3.424978263456009975e-01 2.061233148862286419e-04 9.395185028919469383e-01 2.991767091784324428e+00
0.000000000000000000e+00 0.000000000000000000e+00 0.000000000000000000e+00 1.000000000000000000e+00
-2.520211389542889938e-02 9.996384914030679303e-01 -9.362306279186115993e-03 5.289775592475367461e+01
-9.391832169575712319e-01 -2.688449452942157092e-02 -3.423623296481014822e-01 4.782501953628315761e+00
-3.424902768498089278e-01 1.646667094612286688e-04 9.395212763519157351e-01 2.990159920721038311e+00
0.000000000000000000e+00 0.000000000000000000e+00 0.000000000000000000e+00 1.000000000000000000e+00
-2.520156412082708713e-02 9.996385346587346454e-01 -9.361464962363060666e-03 5.288805506856317606e+01
-9.391742233501148007e-01 -2.688369955650356247e-02 -3.423870990673204551e-01 4.786326679989887367e+00
-3.425150067824321853e-01 1.633557835435352679e-04 9.395122518741179096e-01 2.988563249831972080e+00
0.000000000000000000e+00 0.000000000000000000e+00 0.000000000000000000e+00 1.000000000000000000e+00
-2.514152252905108367e-02 9.996399853578197270e-01 -9.391629612746556915e-03 5.289610300703010637e+01
-9.391879862756163933e-01 -2.683752204486011469e-02 -3.423536777894355954e-01 4.785152904395456375e+00
-3.424823124861440249e-01 2.132128887068446917e-04 9.395241605598546597e-01 2.992767855951374401e+00
0.000000000000000000e+00 0.000000000000000000e+00 0.000000000000000000e+00 1.000000000000000000e+00
-2.512615293710708173e-02 9.996408521351413112e-01 -9.386482605600609402e-03 5.289284801874157438e+01
-9.391886479088774609e-01 -2.682131806154864143e-02 -3.423514764958435208e-01 4.786098900817194135e+00
-3.424801646770674335e-01 2.137026178519061065e-04 9.395249440280688535e-01 2.993008670763616763e+00
0.000000000000000000e+00 0.000000000000000000e+00 0.000000000000000000e+00 1.000000000000000000e+00
-2.511579860788868204e-02 9.996407845166005446e-01 -9.417505568829158749e-03 5.289614902944054364e+01
-9.391865890477020251e-01 -2.682232834785795716e-02 -3.423569699616920148e-01 4.785837583342516410e+00
-3.424864925512507430e-01 2.462261722982960160e-04 9.395226174252576667e-01 2.993546893339091852e+00
0.000000000000000000e+00 0.000000000000000000e+00 0.000000000000000000e+00 1.000000000000000000e+00
-2.515244258921303655e-02 9.996401528000806724e-01 -9.353495418642094814e-03 5.289417062244781675e+01
-9.391808632765313858e-01 -2.683471704415699502e-02 -3.423736356449376683e-01 4.783692689997518954e+00
-3.425012201075000595e-01 1.730904043346410839e-04 9.395172794147020889e-01 2.990155274964065413e+00
0.000000000000000000e+00 0.000000000000000000e+00 0.000000000000000000e+00 1.000000000000000000e+00
-2.514977062709088454e-02 9.996396461911415399e-01 -9.387653638219504298e-03 5.289309375232513588e+01
-9.391833728755206723e-01 -2.684391328727002077e-02 -3.423653220908495221e-01 4.786658766595433434e+00
-3.424939078373917534e-01 2.063190286634134136e-04 9.395199327622756336e-01 2.991230580428897667e+00
0.000000000000000000e+00 0.000000000000000000e+00 0.000000000000000000e+00 1.000000000000000000e+00
-2.516067276207251471e-02 9.996390747907785146e-01 -9.388941620305140193e-03 5.289606519481304758e+01
-9.391818057509273565e-01 -2.685459771002259022e-02 -3.423679462925185435e-01 4.779601841995063438e+00
-3.424966652729959926e-01 2.037156879663665839e-04 9.395189277751911927e-01 2.992320090594395410e+00
0.000000000000000000e+00 0.000000000000000000e+00 0.000000000000000000e+00 1.000000000000000000e+00
-2.519708794213228534e-02 9.996375047070137354e-01 -9.533904415486578465e-03 5.289265893096101223e+01
-9.392008860260292469e-01 -2.693845991804027715e-02 -3.423112810639811210e-01 4.780140860522809731e+00
-3.424436557077012444e-01 3.290039517415659499e-04 9.395381916053179294e-01 3.002439153113082515e+00
0.000000000000000000e+00 0.000000000000000000e+00 0.000000000000000000e+00 1.000000000000000000e+00
-2.506490375400675583e-02 9.996401959111427260e-01 -9.582650613909112630e-03 5.289670628564157084e+01
-9.392094429334204575e-01 -2.683097105201205299e-02 -3.422958885587222277e-01 4.783749120421092016e+00
-3.424295598906721971e-01 4.205029152094877376e-04 9.395432558418025382e-01 3.008943971074273804e+00
0.000000000000000000e+00 0.000000000000000000e+00 0.000000000000000000e+00 1.000000000000000000e+00
-2.508081410176271620e-02 9.996398705214010194e-01 -9.505600348025123811e-03 5.289502613709468193e+01
-9.392095068655931245e-01 -2.681951368442557840e-02 -3.422945794448136736e-01 4.787204567709778757e+00
-3.424264401314581763e-01 3.427232588703023829e-04 9.395444609820936543e-01 3.004480501455175201e+00
0.000000000000000000e+00 0.000000000000000000e+00 0.000000000000000000e+00 1.000000000000000000e+00
-2.512016190695276832e-02 9.996381193812277077e-01 -9.598881914070772278e-03 5.289559733795164931e+01
-9.392106751761444272e-01 -2.688843739775055933e-02 -3.422864409771323446e-01 4.781969940166156618e+00
-3.424207580559733843e-01 4.170807556487831952e-04 9.395464695860807902e-01 3.007365017316414146e+00
0.000000000000000000e+00 0.000000000000000000e+00 0.000000000000000000e+00 1.000000000000000000e+00
-2.513914601932217344e-02 9.996389720159530867e-01 -9.504487985215817614e-03 5.290002435225310506e+01
-9.392043272673458176e-01 -2.687394141562026925e-02 -3.423061133463162209e-01 4.782165606512375433e+00
-3.424377745223449176e-01 3.213729138183589267e-04 9.395403426948031322e-01 3.002700338177614725e+00
0.000000000000000000e+00 0.000000000000000000e+00 0.000000000000000000e+00 1.000000000000000000e+00
-2.507479706054292420e-02 9.996404382474811667e-01 -9.544144398020809952e-03 5.289540448270526696e+01
-9.392123767390112565e-01 -2.682706358048262893e-02 -3.422884544397652995e-01 4.787419299858939326e+00
-3.424210698143856368e-01 3.811645725649262149e-04 9.395463882297296898e-01 3.006393073136084837e+00
0.000000000000000000e+00 0.000000000000000000e+00 0.000000000000000000e+00 1.000000000000000000e+00
-2.514282409169536076e-02 9.996383408411387839e-01 -9.527944520020021832e-03 5.289379429722657733e+01
-9.392079221535497568e-01 -2.688542633510259891e-02 -3.422944595323853534e-01 4.781457968045391027e+00
-3.424268588893287224e-01 3.424716007131303969e-04 9.395443084328229943e-01 3.004158799098287869e+00
0.000000000000000000e+00 0.000000000000000000e+00 0.000000000000000000e+00 1.000000000000000000e+00
-2.516897262363821178e-02 9.996378112759480850e-01 -9.486793541830421117e-03 5.289193652785763788e+01
-9.391987280851036290e-01 -2.689590644176128448e-02 -3.423180230468811369e-01 4.783182055061505622e+00
-3.424494180509066177e-01 2.941908628971099944e-04 9.395361143362896961e-01 2.999561000355484897e+00
0.000000000000000000e+00 0.000000000000000000e+00 0.000000000000000000e+00 1.000000000000000000e+00
-2.513534912947992805e-02 9.996384688018460363e-01 -9.540898065454432586e-03 5.289376166729532969e+01
-9.392155453837850443e-01 -2.688282612780252059e-02 -3.422739644260316960e-01 4.782460620891189507e+00
-3.424066911815130676e-01 3.577838054733837106e-04 9.395516521127452725e-01 3.006583539177741571e+00
0.000000000000000000e+00 0.000000000000000000e+00 0.000000000000000000e+00 1.000000000000000000e+00
-2.520401556813064645e-02 9.996367250615499911e-01 -9.504010697320479373e-03 5.290092971977529857e+01
-9.391944472974106395e-01 -2.693473584022158460e-02 -3.423295130108817697e-01 4.778059827995278397e+00
-3.424610482580322524e-01 2.980359454847257106e-04 9.395318686892502047e-01 2.999132842578785318e+00
0.000000000000000000e+00 0.000000000000000000e+00 0.000000000000000000e+00 1.000000000000000000e+00
-2.511216993266437644e-02 9.996393516790780254e-01 -9.555491877061204203e-03 5.289442695010590967e+01
-9.392125220424308862e-01 -2.686605945990078181e-02 -3.422848800515687073e-01 4.782796286070610137e+00
-3.424178300668316854e-01 3.791218744740215739e-04 9.395475716593519877e-01 3.005212798370275440e+00
0.000000000000000000e+00 0.000000000000000000e+00 0.000000000000000000e+00 1.000000000000000000e+00
-2.505485012364689831e-02 9.996408619951804297e-01 -9.521732454712874757e-03 5.289553145218013697e+01
-9.392129013385688285e-01 -2.680064420030948968e-02 -3.422882197503635537e-01 4.786010072053837661e+00
-3.424203298950113106e-01 3.669540690066644883e-04 9.395466701550440058e-01 3.003938009710664048e+00
0.000000000000000000e+00 0.000000000000000000e+00 0.000000000000000000e+00 1.000000000000000000e+00
-2.517225354221954564e-02 9.996389810569263901e-01 -9.416240395641435612e-03 5.289424418372283299e+01
-9.391886513599551067e-01 -2.687482507671913601e-02 -3.423489431370709268e-01 4.783245955593674381e+00
-3.424782448870530849e-01 2.259320011523214882e-04 9.395256381835932480e-01 2.994761372286541601e+00
0.000000000000000000e+00 0.000000000000000000e+00 0.000000000000000000e+00 1.000000000000000000e+00
-2.516899248718740614e-02 9.996385133024299208e-01 -9.449692229612206840e-03 5.289477396307835022e+01
-9.391936915439310640e-01 -2.688321914827642919e-02 -3.423338153072412737e-01 4.782831645410812627e+00
-3.424640949518584221e-01 2.588949820944619253e-04 9.395307823232798006e-01 2.997406831431733920e+00
0.000000000000000000e+00 0.000000000000000000e+00 0.000000000000000000e+00 1.000000000000000000e+00
-2.517234064092499848e-02 9.996391680914075151e-01 -9.406072476964814563e-03 5.289420227075378023e+01
-9.391820254505914845e-01 -2.687143108751958998e-02 -3.423676329213779512e-01 4.784869829859108137e+00
-3.424966246381112578e-01 2.158197349189055591e-04 9.395189365788562119e-01 2.992019807003018173e+00
0.000000000000000000e+00 0.000000000000000000e+00 0.000000000000000000e+00 1.000000000000000000e+00
-2.519870334360396757e-02 9.996379836131713548e-01 -9.398476266507804766e-03 5.289631670942862485e+01
-9.391788152292557257e-01 -2.689369493921241888e-02 -3.423729526267969003e-01 4.783316454960946373e+00
-3.425019488176508364e-01 1.994949467852882559e-04 9.395170016550820069e-01 2.991454277261083483e+00
0.000000000000000000e+00 0.000000000000000000e+00 0.000000000000000000e+00 1.000000000000000000e+00
-2.524139712265448948e-02 9.996368949909495427e-01 -9.395526156882076305e-03 5.289775832195965677e+01
-9.391829613901395701e-01 -2.693268385460683562e-02 -3.423583935375263398e-01 4.781465427128782864e+00
-3.424873407929466262e-01 1.825135164538690968e-04 9.395223402365917575e-01 2.991832407209821465e+00
0.000000000000000000e+00 0.000000000000000000e+00 0.000000000000000000e+00 1.000000000000000000e+00
-2.513830924934966002e-02 9.996399258417829614e-01 -9.403362338247270649e-03 5.289600435919990673e+01
-9.391889336169670921e-01 -2.683852381083460734e-02 -3.423509251421674171e-01 4.786410317735910525e+00
-3.424798836553374914e-01 2.254102907399100101e-04 9.395250404980387549e-01 2.994355609265924478e+00
0.000000000000000000e+00 0.000000000000000000e+00 0.000000000000000000e+00 1.000000000000000000e+00
-2.515211701015646062e-02 9.996387150611271144e-01 -9.483758943707886260e-03 5.289423010086843391e+01
-9.391996571680771844e-01 -2.687903147835800019e-02 -3.423181188595441626e-01 4.782515040348016555e+00
-3.424492725575131180e-01 2.971169307649444398e-04 9.395361654229310577e-01 2.999024770878794044e+00
0.000000000000000000e+00 0.000000000000000000e+00 0.000000000000000000e+00 1.000000000000000000e+00
-2.517644912514998765e-02 9.996383711429603913e-01 -9.437401666003854273e-03 5.289520726165365261e+01
-9.391942041568938082e-01 -2.688601051068444797e-02 -3.423319728304734522e-01 4.781978948245214411e+00
-3.424619513706105289e-01 2.448484843449915608e-04 9.395315726524764433e-01 2.995911668686030538e+00
0.000000000000000000e+00 0.000000000000000000e+00 0.000000000000000000e+00 1.000000000000000000e+00
-2.519517380571695969e-02 9.996384353309444304e-01 -9.437198417610495604e-03 5.289533935566439737e+01
-9.391876492108972574e-01 -2.690354145843130984e-02 -3.423501152274940895e-01 4.780997363925081345e+00
-3.424799048349199682e-01 2.377288034657702189e-04 9.395250260661210939e-01 2.994544637658933972e+00
0.000000000000000000e+00 0.000000000000000000e+00 0.000000000000000000e+00 1.000000000000000000e+00
-2.511432058806031473e-02 9.996405581168262833e-01 -9.433625352494775726e-03 5.289291862262654575e+01
-9.391996460006540870e-01 -2.682634523094307513e-02 -3.423234665403040444e-01 4.785921929398302410e+00
-3.424531261013400441e-01 2.628365743066928754e-04 9.395347817669207346e-01 2.998121825285579245e+00
0.000000000000000000e+00 0.000000000000000000e+00 0.000000000000000000e+00 1.000000000000000000e+00
-2.512035412056494443e-02 9.996396920874416336e-01 -9.463422235525943346e-03 5.289398355841915134e+01
-9.391946084406023187e-01 -2.684223330524851056e-02 -3.423347927677529712e-01 4.784612998686469609e+00
-3.424653912080850016e-01 2.884245450640038214e-04 9.395302906671409993e-01 2.997822707788310836e+00
0.000000000000000000e+00 0.000000000000000000e+00 0.000000000000000000e+00 1.000000000000000000e+00
-2.503848378686659645e-02 9.996378739687387105e-01 -9.872748403749914345e-03 5.290126251721916617e+01
-9.392622071818345075e-01 -2.690533147099923375e-02 -3.421453553594815400e-01 4.782555581992298244e+00
-3.422867953060984569e-01 7.062984513606672182e-04 9.395949495936937179e-01 3.029251364316051465e+00
0.000000000000000000e+00 0.000000000000000000e+00 0.000000000000000000e+00 1.000000000000000000e+00
-2.507174907362624480e-02 9.996393790240221122e-01 -9.607393049725160283e-03 5.289991006865687950e+01
-9.392263859552276717e-01 -2.684583252626501076e-02 -3.422471036615330475e-01 4.783728625072889429e+00
-3.423815918321018725e-01 4.427834738367937822e-04 9.395607285833573741e-01 3.011124392833550711e+00
0.000000000000000000e+00 0.000000000000000000e+00 0.000000000000000000e+00 1.000000000000000000e+00
-2.507411576613098256e-02 9.996388415791613857e-01 -9.680998449731468766e-03 5.289559191748796252e+01
-9.392329744536658254e-01 -2.687325023382868341e-02 -3.422276657789580234e-01 4.784054948613121638e+00
-3.423640342082518995e-01 5.116564313425745955e-04 9.395670571169753016e-01 3.014559660997556012e+00
0.000000000000000000e+00 0.000000000000000000e+00 0.000000000000000000e+00 1.000000000000000000e+00
-2.515198977428886526e-02 9.996383013680397722e-01 -9.558365153562361702e-03 5.290400856150591125e+01
-9.392098550087147890e-01 -2.690445701782923776e-02 -3.422891016013143162e-01 4.783100165671879012e+00
-3.424221523867475581e-01 3.680578323185050007e-04 9.395460044877089745e-01 3.004592274512050576e+00
0.000000000000000000e+00 0.000000000000000000e+00 0.000000000000000000e+00 1.000000000000000000e+00
-2.506093532007743624e-02 9.996406391471428510e-01 -9.569844210326590439e-03 5.289696324354741819e+01
-9.392097409573503253e-01 -2.682285212802668767e-02 -3.422934194162579047e-01 4.786075895692441406e+00
-3.424270157375760015e-01 4.098969922507195575e-04 9.395441937718893577e-01 3.005278312155363007e+00
0.000000000000000000e+00 0.000000000000000000e+00 0.000000000000000000e+00 1.000000000000000000e+00
-2.504897930541621562e-02 9.996379580259229236e-01 -9.790875556028796889e-03 5.289760807545871302e+01
-9.392437773559420000e-01 -2.688722967569387792e-02 -3.421958412572621566e-01 4.780050143178559807e+00
-3.423352650149831811e-01 6.243623044315528255e-04 9.395774035607156183e-01 3.021665846648932341e+00
0.000000000000000000e+00 0.000000000000000000e+00 0.000000000000000000e+00 1.000000000000000000e+00
-2.505672976363146690e-02 9.996381584477166404e-01 -9.760809083245627904e-03 5.289979149309539963e+01
-9.392357003313808184e-01 -2.688424354482077047e-02 -3.422184674689584538e-01 4.783782347671870383e+00
-3.423570589052853386e-01 5.928241988128496887e-04 9.395695007372936169e-01 3.018587988823216328e+00
0.000000000000000000e+00 0.000000000000000000e+00 0.000000000000000000e+00 1.000000000000000000e+00
-2.501942259517186615e-02 9.996394004224795626e-01 -9.792563802268240344e-03 5.289796090445324950e+01
-9.392417064334867005e-01 -2.686004820900566789e-02 -3.422028584391585415e-01 4.784453362676998722e+00
-3.423423967165363235e-01 6.358669392935384704e-04 9.395747876957124545e-01 3.021750586336269695e+00
0.000000000000000000e+00 0.000000000000000000e+00 0.000000000000000000e+00 1.000000000000000000e+00
-2.492090058065281333e-02 9.996417065927822865e-01 -9.772077626845197817e-03 5.289835193383472500e+01
-9.392494661380197396e-01 -2.676045046926484386e-02 -3.421912818650866828e-01 4.787142757832889117e+00
-3.423299843447106805e-01 6.507028793623376856e-04 9.395792914415822539e-01 3.022581530058056742e+00
0.000000000000000000e+00 0.000000000000000000e+00 0.000000000000000000e+00 1.000000000000000000e+00
-2.513969557713519043e-02 9.996389121322879490e-01 -9.506185501424154263e-03 5.289416637030124235e+01
-9.392035636251896413e-01 -2.687504086275829818e-02 -3.423080348297320996e-01 4.783758403229711575e+00
-3.424397512318497205e-01 3.227235404558668206e-04 9.395396206190007593e-01 3.001722864551596537e+00
0.000000000000000000e+00 0.000000000000000000e+00 0.000000000000000000e+00 1.000000000000000000e+00
-2.509313033235265056e-02 9.996391552733320252e-01 -9.563262185786144606e-03 5.289154945821254472e+01
-9.392153991741729602e-01 -2.685082762990053523e-02 -3.422764515149572806e-01 4.790000019759364847e+00
-3.424098073567134470e-01 3.931755561303541726e-04 9.395504854962511976e-01 3.007201403749316881e+00
0.000000000000000000e+00 0.000000000000000000e+00 0.000000000000000000e+00 1.000000000000000000e+00
-2.507057903400081514e-02 9.996405806470369804e-01 -9.495180690435461174e-03 5.290303160697402518e+01
-9.392073639357753079e-01 -2.680633365837898144e-02 -3.423025131497420270e-01 4.785165147640423555e+00
-3.424339681045760475e-01 3.362216458862383106e-04 9.395417200516158474e-01 3.002869696110118891e+00
0.000000000000000000e+00 0.000000000000000000e+00 0.000000000000000000e+00 1.000000000000000000e+00
-2.515592635307739924e-02 9.996395441758896272e-01 -9.429857576457733800e-03 5.289521726655712541e+01
-9.391989617904628052e-01 -2.686413939488259406e-02 -3.423223546936352557e-01 4.782568912617190193e+00
-3.424519293378510687e-01 2.450767566921632432e-04 9.395352288830383092e-01 2.997107405281767001e+00
0.000000000000000000e+00 0.000000000000000000e+00 0.000000000000000000e+00 1.000000000000000000e+00
-2.507381645271510376e-02 9.996383648904749730e-01 -9.706358905808339793e-03 5.289813225816916287e+01
-9.392405396377383475e-01 -2.688163014013937938e-02 -3.422056004110821115e-01 4.783110305619171498e+00
-3.423427305406852028e-01 5.362059143780580723e-04 9.395747954277222647e-01 3.017165383128145528e+00
0.000000000000000000e+00 0.000000000000000000e+00 0.000000000000000000e+00 1.000000000000000000e+00
-2.507889345845583720e-02 9.996380475972390656e-01 -9.709598757724570428e-03 5.290514330901219608e+01
-9.392331977200091275e-01 -2.688753282707628117e-02 -3.422248163527591980e-01 4.782448567038258602e+00
-3.423620832905396871e-01 5.369582944329039792e-04 9.395677388984495781e-01 3.016666918322435720e+00
0.000000000000000000e+00 0.000000000000000000e+00 0.000000000000000000e+00 1.000000000000000000e+00
-2.503655887493834789e-02 9.996396677253375218e-01 -9.683572575524261594e-03 5.289712239191461407e+01
-9.392328889818368776e-01 -2.683885012544808338e-02 -3.422303603935077376e-01 4.783819799051176602e+00
-3.423668035058454739e-01 5.268598452013687101e-04 9.395660298158293733e-01 3.015430540301880846e+00
0.000000000000000000e+00 0.000000000000000000e+00 0.000000000000000000e+00 1.000000000000000000e+00
-2.507477588012140338e-02 9.996398588501336224e-01 -9.626595619976672374e-03 5.289704114437712690e+01
-9.392294771627446304e-01 -2.685524444753304915e-02 -3.422371550035642196e-01 4.783237447712057389e+00
-3.423722467859993124e-01 4.600621356472449699e-04 9.395641186659531296e-01 3.012372714556881270e+00
0.000000000000000000e+00 0.000000000000000000e+00 0.000000000000000000e+00 1.000000000000000000e+00
-2.503072201448810694e-02 9.996394726742546810e-01 -9.708659549634360286e-03 5.289896459113678162e+01
-9.392382132656355020e-01 -2.684194164166386898e-02 -3.422152719780457431e-01 4.784052574951626724e+00
-3.423524133272939918e-01 5.528494135057392036e-04 9.395712452432456452e-01 3.017317733635010324e+00
0.000000000000000000e+00 0.000000000000000000e+00 0.000000000000000000e+00 1.000000000000000000e+00
-2.511803582805219662e-02 9.996402303646638732e-01 -9.387965061240385878e-03 5.289293180292742846e+01
-9.391867226300497640e-01 -2.681420427020316313e-02 -3.423578619666355349e-01 4.785451522983361627e+00
-3.424865206910277515e-01 2.176956244301727521e-04 9.395226227065702762e-01 2.993630973119645322e+00
0.000000000000000000e+00 0.000000000000000000e+00 0.000000000000000000e+00 1.000000000000000000e+00
-2.516744862609443870e-02 9.996394791635395682e-01 -9.402614352034661949e-03 5.289638660766326694e+01
-9.391963867100937557e-01 -2.686563041052280817e-02 -3.423291795249634450e-01 4.781538676702648871e+00
-3.424580381388374062e-01 2.153490350493775316e-04 9.395330163151022207e-01 2.996479672520011128e+00
0.000000000000000000e+00 0.000000000000000000e+00 0.000000000000000000e+00 1.000000000000000000e+00
-2.508726346487251402e-02 9.996408673423078373e-01 -9.435981555118528805e-03 5.289666508388686594e+01
-9.392042846423817037e-01 -2.680172679690032145e-02 -3.423116731720521888e-01 4.787855980014267487e+00
-3.424415087564828819e-01 2.746510573782828942e-04 9.395390125147083937e-01 2.999179745388966367e+00
0.000000000000000000e+00 0.000000000000000000e+00 0.000000000000000000e+00 1.000000000000000000e+00
-2.509897013812963096e-02 9.996404632239541677e-01 -9.479283091126526270e-03 5.289559158873060341e+01
-9.392141123992366891e-01 -2.682754425536766629e-02 -3.422836189245892502e-01 4.786509429247935543e+00
-3.424145187630945886e-01 3.121101642250638237e-04 9.395488321389073860e-01 3.002797068168371553e+00
0.000000000000000000e+00 0.000000000000000000e+00 0.000000000000000000e+00 1.000000000000000000e+00
-2.487245516708433760e-02 9.996393229633085964e-01 -1.016284112409437945e-02 5.290246810177500691e+01
-9.392328396541282931e-01 -2.684875484643152455e-02 -3.422289478173739519e-01 4.780413134537301545e+00
-3.423784160298863344e-01 1.033200395855436065e-03 9.395619932516686701e-01 3.051234309723017901e+00
0.000000000000000000e+00 0.000000000000000000e+00 0.000000000000000000e+00 1.000000000000000000e+00
-2.511205575131448403e-02 9.996400241460244862e-01 -9.467868476248118143e-03 5.289728796180068571e+01
-9.392116581806849718e-01 -2.683593029727062221e-02 -3.422890371251040564e-01 4.783102291614490298e+00
-3.424197106923421718e-01 2.967503169311336026e-04 9.395469491945498408e-01 3.001880982192173697e+00
0.000000000000000000e+00 0.000000000000000000e+00 0.000000000000000000e+00 1.000000000000000000e+00
-2.507050966113638993e-02 9.996394746563088685e-01 -9.657572639976772649e-03 5.289820864638779341e+01
-9.392336778111695095e-01 -2.686183443079659741e-02 -3.422246017894583492e-01 4.788095881379195617e+00
-3.423605819146146034e-01 4.909721409354424627e-04 9.395683389701420252e-01 3.014377821856579764e+00
0.000000000000000000e+00 0.000000000000000000e+00 0.000000000000000000e+00 1.000000000000000000e+00
-2.510312573250876936e-02 9.996372990742562470e-01 -9.737196876259851183e-03 5.289913101207890378e+01
-9.392378299711046097e-01 -2.691973474172476566e-02 -3.422099842888535193e-01 4.783856410308068519e+00
-3.423479614504121860e-01 5.550035540790056437e-04 9.395728656353103947e-01 3.017132504022333350e+00
0.000000000000000000e+00 0.000000000000000000e+00 0.000000000000000000e+00 1.000000000000000000e+00
-2.503180121527481816e-02 9.996405732836211033e-01 -9.649012667761245818e-03 5.289680909246300899e+01
-9.392331256699647524e-01 -2.682254041825679960e-02 -3.422293391153228836e-01 4.786492419740330462e+00
-3.423650509170088618e-01 4.960563916691887627e-04 9.395667039468587056e-01 3.014224214413578906e+00
0.000000000000000000e+00 0.000000000000000000e+00 0.000000000000000000e+00 1.000000000000000000e+00
-2.507896512869183317e-02 9.996412824212258519e-01 -9.435982533625800542e-03 5.289673588777666424e+01
-9.391970755029359630e-01 -2.679394467593808338e-02 -3.423326500584860099e-01 4.788400519249019993e+00
-3.424624048265086373e-01 2.768990471115678406e-04 9.395313877712577755e-01 2.998026393033855541e+00
0.000000000000000000e+00 0.000000000000000000e+00 0.000000000000000000e+00 1.000000000000000000e+00
-2.507321841123436382e-02 9.996394997683377692e-01 -9.649255416602926447e-03 5.289603124813890389e+01
-9.392317793720647012e-01 -2.686153596313569161e-02 -3.422298558621485465e-01 4.784252614849393126e+00
-3.423656113463841577e-01 4.820832841129132212e-04 9.395665148702878611e-01 3.013200261835089044e+00
0.000000000000000000e+00 0.000000000000000000e+00 0.000000000000000000e+00 1.000000000000000000e+00
-2.507450211544148475e-02 9.996385657026770621e-01 -9.694230343343965967e-03 5.289630791415812894e+01
-9.392329371708939556e-01 -2.687814512259836461e-02 -3.422270015828072776e-01 4.785177680401222489e+00
-3.423637689898098024e-01 5.239683606446549633e-04 9.395671396161334732e-01 3.015568023616975957e+00
0.000000000000000000e+00 0.000000000000000000e+00 0.000000000000000000e+00 1.000000000000000000e+00
-2.505076388743656540e-02 9.996398985547098048e-01 -9.686678140162854195e-03 5.290237611581812871e+01
-9.392342702246880837e-01 -2.685325261774999459e-02 -3.422243204169528874e-01 4.784736935666082047e+00
-3.423609879510572385e-01 5.250791399986062596e-04 9.395681522979753009e-01 3.015051493798906357e+00
0.000000000000000000e+00 0.000000000000000000e+00 0.000000000000000000e+00 1.000000000000000000e+00
-2.505301075431755342e-02 9.996397361191251552e-01 -9.689264692667315382e-03 5.290211056544354307e+01
-9.392346781756228946e-01 -2.685624776374009523e-02 -3.422227326430696270e-01 4.785690394167886552e+00
-3.423594981300384088e-01 5.267837420086881771e-04 9.395686934899443177e-01 3.015261623548220804e+00
0.000000000000000000e+00 0.000000000000000000e+00 0.000000000000000000e+00 1.000000000000000000e+00
-2.515914350393944413e-02 9.996383733720638487e-01 -9.535795866574520163e-03 5.289743938291345415e+01
-9.392024727167868070e-01 -2.690345991089514166e-02 -3.423094973476075165e-01 4.781765599753754259e+00
-3.424419307099316745e-01 3.438291007723268209e-04 9.395388095048168298e-01 3.002421650673915643e+00
0.000000000000000000e+00 0.000000000000000000e+00 0.000000000000000000e+00 1.000000000000000000e+00
-2.502753331049719157e-02 9.996395297576331496e-01 -9.713920080717513422e-03 5.289965001019329804e+01
-9.392401334470777963e-01 -2.684074136607674313e-02 -3.422101921551355397e-01 4.784413769777117409e+00
-3.423474616978207652e-01 5.590262478865580791e-04 9.395730428534126988e-01 3.017451369135682349e+00
0.000000000000000000e+00 0.000000000000000000e+00 0.000000000000000000e+00 1.000000000000000000e+00
-2.502965753693343204e-02 9.996399050792476038e-01 -9.689122415385623133e-03 5.289440168950045518e+01
-9.392385725555866260e-01 -2.683424967165021560e-02 -3.422154892259888226e-01 4.788584546832929334e+00
-3.423520384128114213e-01 5.348602791855130989e-04 9.395714036759801324e-01 3.016594287569648536e+00
0.000000000000000000e+00 0.000000000000000000e+00 0.000000000000000000e+00 1.000000000000000000e+00
-2.514236573787476808e-02 9.996393171664416100e-01 -9.477774553722010525e-03 5.290077688823119928e+01
-9.391988649582728721e-01 -2.686782040564922661e-02 -3.423191251474008712e-01 4.785925618098151091e+00
-3.424503544261411347e-01 2.948023919258516232e-04 9.395357723178199283e-01 2.999022923786533568e+00
0.000000000000000000e+00 0.000000000000000000e+00 0.000000000000000000e+00 1.000000000000000000e+00
-2.504737721980979104e-02 9.996397019312477372e-01 -9.653861980088083300e-03 5.289838575865466197e+01
-9.392279921711835788e-01 -2.683885129163054994e-02 -3.422437910254748084e-01 4.786247089655745413e+00
-3.423794431433351826e-01 4.948675960746056531e-04 9.395614574507832328e-01 3.012277493888968039e+00
0.000000000000000000e+00 0.000000000000000000e+00 0.000000000000000000e+00 1.000000000000000000e+00
-2.510189971314757962e-02 9.996391523997301132e-01 -9.644732656228695994e-03 5.290000178284910959e+01
-9.392197738479480806e-01 -2.688696621704963693e-02 -3.422617243357269912e-01 4.782306286780450222e+00
-3.423972528231939982e-01 4.671039511207499386e-04 9.395549926986286327e-01 3.010120884735087099e+00
0.000000000000000000e+00 0.000000000000000000e+00 0.000000000000000000e+00 1.000000000000000000e+00
-2.505874745716526325e-02 9.996397804530956499e-01 -9.620322589649768844e-03 5.289543248092208927e+01
-9.392268342512264390e-01 -2.683804698294989591e-02 -3.422470920860699595e-01 4.784159911235256857e+00
-3.423818473598143619e-01 4.593816732611616903e-04 9.395606186168794505e-01 3.011529430988648670e+00
0.000000000000000000e+00 0.000000000000000000e+00 0.000000000000000000e+00 1.000000000000000000e+00
-2.505446999757195148e-02 9.996398597740434600e-01 -9.679109050727921840e-03 5.289679897026124422e+01
-9.392293800140522064e-01 -2.685415706785711232e-02 -3.422375924747103615e-01 4.784496334756006775e+00
-3.423740637246285301e-01 5.163221488860542498e-04 9.395633948071028252e-01 3.014052623120192287e+00
0.000000000000000000e+00 0.000000000000000000e+00 0.000000000000000000e+00 1.000000000000000000e+00
-2.501506340732820646e-02 9.996396716721345221e-01 -9.789721911153282524e-03 5.290038981422632247e+01
-9.392539511216105863e-01 -2.685503315494217058e-02 -3.421700542994414174e-01 4.786459238317593901e+00
-3.423094800323316922e-01 6.356296075388924265e-04 9.395867867055723854e-01 3.024422613028074025e+00
0.000000000000000000e+00 0.000000000000000000e+00 0.000000000000000000e+00 1.000000000000000000e+00
-2.505861010692914115e-02 9.996397033940302990e-01 -9.676496346334955215e-03 5.289855451508704220e+01
-9.392289962018907090e-01 -2.685715236762062710e-02 -3.422381764100264623e-01 4.785589309986335138e+00
-3.423746076583971676e-01 5.124326148817668703e-04 9.395632009286880582e-01 3.014642264971534757e+00
0.000000000000000000e+00 0.000000000000000000e+00 0.000000000000000000e+00 1.000000000000000000e+00
-2.509335081672571174e-02 9.996393042334040802e-01 -9.607102498409380784e-03 5.289835946387149335e+01
-9.392244520802985885e-01 -2.686602984438899583e-02 -3.422492489800789128e-01 4.786595259273749292e+00
-3.423839231891249724e-01 4.350452152989214383e-04 9.395598860723477497e-01 3.009931546870699748e+00
0.000000000000000000e+00 0.000000000000000000e+00 0.000000000000000000e+00 1.000000000000000000e+00
-2.511937484865147882e-02 9.996376464062692868e-01 -9.677395231983189697e-03 5.289950442256103003e+01
-9.392292172074003798e-01 -2.691454476525096534e-02 -3.422344234521199069e-01 4.784149196008375071e+00
-3.423707551107018077e-01 4.925776087456466747e-04 9.395646279357415809e-01 3.013460090808878000e+00
0.000000000000000000e+00 0.000000000000000000e+00 0.000000000000000000e+00 1.000000000000000000e+00
-2.506420175615192009e-02 9.996404461681173137e-01 -9.571402071182571678e-03 5.289702943801190571e+01
-9.392151368743010265e-01 -2.682644049264068173e-02 -3.422780633110946713e-01 4.788032778176741999e+00
